content : 0.5166027667541087
organization : 0.5081578814712753
language : 0.5352083619859717
total : 0.5595120529715554