content: 0.16790186557628417
organization : 0.10837210428736344
language : 0.0905279126852857
total : 0.11902000610614516