content :  0.606193277694167
organization :  0.6298478918939245
language : 0.6386565514606557
total : 0.7307925367869837